24 65 6 93 0.58915 0.260871
21 62 3 88 0.774649 0.320437
22 69 6 94 0.830506 0.331714
25 69 5 85 0.891053 0.321746
22 87 4 95 0.890148 0.328751
18 67 6 90 0.901483 0.319464
14 69 1 88 0.967672 0.305063
17 72 3 88 0.988502 0.308959
24 76 4 89 1.00528 0.307383
19 67 4 86 1.00995 0.311508
30 76 8 90 1.02615 0.315527
19 79 4 90 1.02273 0.3175
18 78 3 90 1.00815 0.31927
28 70 10 86 1.03867 0.32324
22 73 4 92 1.05508 0.318486
23 76 6 90 1.0474 0.320628
22 65 6 90 1.04065 0.318863
24 68 7 86 1.03506 0.319843
22 66 5 82 1.03305 0.321665
18 74 8 89 1.03618 0.326332
19 78 9 90 1.027 0.313032
18 72 5 90 1.00901 0.319525
30 75 11 89 1.00819 0.32164
19 73 4 92 1.01705 0.318346
22 73 3 89 1.0235 0.315758
19 67 6 90 1.04227 0.311992
30 80 8 93 1.05169 0.313486
20 77 8 91 1.06 0.313562
29 79 13 93 1.06534 0.315071
21 74 10 86 1.06629 0.316176
26 83 8 96 1.05787 0.318926
19 85 4 94 1.05503 0.318868
26 73 7 89 1.06089 0.321564
33 77 6 92 1.06623 0.320357
21 78 3 91 1.07146 0.322096
14 72 5 91 1.07212 0.323042
23 73 7 89 1.07839 0.32549
15 77 2 93 1.07532 0.32666
21 79 8 92 1.07612 0.327923
24 81 7 94 1.07448 0.328797
28 71 9 85 1.07696 0.32683
26 74 8 91 1.07931 0.329492
22 80 9 96 1.08176 0.330373
24 69 4 91 1.08286 0.330219
21 78 7 93 1.08033 0.329624
26 79 4 89 1.07225 0.329532
16 69 5 84 1.08015 0.330269
14 79 3 92 1.08002 0.330577
15 75 4 91 1.0871 0.332356
17 73 3 87 1.06761 0.330842
23 77 6 89 0.910024 0.315846
20 74 6 91 0.915954 0.316235
21 79 8 91 0.91793 0.314472
20 78 9 91 0.924514 0.314523
22 72 8 92 0.925486 0.313436
29 71 7 90 0.92935 0.313703
25 77 8 93 0.924255 0.313836
27 75 5 92 0.930108 0.31265
17 79 5 91 0.931411 0.313111
16 71 4 92 0.937579 0.312109
24 69 7 91 0.944304 0.310986
25 76 7 93 0.947621 0.31168
25 74 4 88 0.948298 0.3119
26 74 6 91 0.956665 0.313741
23 79 8 91 0.954518 0.314821
23 78 9 92 0.951072 0.314318
23 65 4 89 0.954388 0.315366
16 78 3 90 0.956189 0.316401
26 77 7 92 0.955041 0.316883
25 70 5 90 0.942288 0.316116
23 78 2 90 0.939411 0.316614
21 79 6 93 0.937863 0.316586
21 79 7 93 0.941526 0.31757
22 69 6 91 0.946248 0.317955
28 76 4 95 0.943933 0.318441
17 79 0 93 0.946398 0.318095
30 74 12 88 0.948565 0.319698
23 82 6 94 0.947945 0.319392
20 72 9 91 0.949489 0.318496
19 79 4 91 0.951914 0.320005
20 86 5 95 0.951127 0.320405
27 74 6 88 0.953657 0.320307
23 79 6 93 0.950291 0.320025
21 86 10 93 0.948995 0.319978
31 78 11 91 0.953512 0.321224
24 69 7 89 0.955576 0.321308
26 70 9 93 0.958741 0.321066
17 75 6 96 0.95669 0.319861
20 76 8 94 0.958906 0.320106
24 62 9 89 0.965364 0.321168
28 79 11 93 0.970147 0.321628
24 73 5 87 0.968422 0.322564
19 78 9 85 0.972032 0.323902
27 68 6 90 0.97424 0.323737
24 83 10 92 0.972946 0.323849
25 81 10 91 0.975836 0.32428
28 71 9 94 0.978315 0.323137
23 74 7 92 0.978486 0.323534
22 69 7 90 0.982139 0.324972
22 74 6 90 0.981363 0.325418
