0 14 0 98 1.11668 0.291419
0 18 0 98 1.17873 0.288722
1 18 0 94 1.14773 0.288289
0 20 0 99 1.13585 0.290027
1 17 0 97 1.13987 0.290476
2 23 0 99 1.14401 0.291367
0 8 0 100 1.18589 0.288192
0 25 0 96 1.16121 0.288191
0 18 0 94 1.14644 0.285482
0 11 0 97 1.1801 0.288906
1 20 0 96 1.19124 0.287505
2 15 0 96 1.21786 0.288578
3 10 0 92 1.23208 0.287263
0 20 0 99 1.21897 0.285455
0 17 0 98 1.22999 0.286126
0 18 0 93 1.22036 0.287253
0 10 0 97 1.23946 0.288439
0 14 0 96 1.24017 0.288798
1 14 0 92 1.25575 0.290369
0 21 0 97 1.26215 0.290593
0 19 0 96 1.25317 0.290248
0 24 0 97 1.24347 0.289533
0 17 0 98 1.24606 0.288505
0 15 0 95 1.24211 0.288236
1 16 0 98 1.24536 0.28812
0 8 0 97 1.25064 0.288218
0 17 0 94 1.25842 0.289447
0 8 0 94 1.27016 0.290697
1 23 0 95 1.26228 0.290159
1 12 0 97 1.26961 0.291036
0 15 0 100 1.27147 0.29
1 16 0 93 1.27027 0.290176
1 17 0 99 1.27687 0.28988
0 10 0 98 1.28567 0.290304
0 14 0 97 1.29235 0.29059
0 18 0 94 1.28158 0.290572
1 21 0 96 1.27969 0.290948
1 22 0 96 1.2777 0.291265
0 17 0 99 1.27668 0.291267
1 10 0 98 1.27955 0.291414
0 18 0 95 1.27846 0.291699
0 18 0 97 1.27793 0.291882
0 13 0 97 1.28149 0.292095
0 10 0 100 1.28176 0.29219
0 18 0 98 1.28462 0.292187
0 21 0 96 1.28635 0.292405
0 19 0 99 1.27204 0.292177
0 17 0 97 1.2691 0.29208
0 21 0 99 1.26694 0.291655
0 14 0 98 1.27094 0.292021
1 16 0 100 1.26953 0.292012
0 16 0 97 1.26509 0.292289
0 19 0 94 1.26103 0.292227
2 15 0 97 1.26559 0.292523
0 12 0 97 1.26973 0.292565
1 18 0 90 1.27009 0.292456
0 15 0 95 1.27224 0.292323
0 17 0 96 1.27053 0.292418
0 16 0 97 1.27317 0.292621
0 18 0 97 1.27529 0.292692
1 18 0 98 1.27596 0.292809
0 13 0 99 1.27772 0.293009
0 26 0 98 1.27584 0.293232
1 27 0 97 1.27232 0.293223
0 16 0 94 1.27313 0.293373
1 23 1 97 1.27228 0.293438
1 17 0 93 1.27216 0.293713
0 13 0 99 1.26788 0.2933
0 16 0 97 1.26954 0.293516
0 15 0 96 1.27189 0.293455
1 12 0 98 1.27457 0.293804
2 12 0 98 1.27881 0.293977
0 16 0 97 1.27229 0.293829
1 21 0 97 1.27233 0.293617
1 15 0 95 1.27422 0.293875
0 23 0 97 1.27286 0.29376
0 14 0 98 1.27503 0.294095
0 15 0 98 1.27861 0.294229
0 13 0 94 1.28098 0.294325
0 20 0 99 1.28162 0.294321
0 19 0 99 1.28224 0.294452
0 23 0 97 1.28276 0.294647
0 18 0 98 1.27864 0.294745
0 10 0 97 1.28191 0.295049
1 12 0 96 1.28272 0.294962
1 14 0 98 1.28409 0.294865
0 22 0 99 1.28445 0.294715
1 21 0 94 1.27879 0.294358
0 22 0 98 1.27806 0.294267
0 15 0 96 1.27963 0.294386
0 16 0 98 1.28014 0.294508
0 21 0 97 1.26979 0.294298
1 10 0 97 1.27106 0.294612
0 13 0 94 1.27261 0.294824
1 12 0 97 1.27562 0.294814
0 13 0 94 1.27789 0.294968
1 20 0 99 1.27604 0.294824
0 18 0 98 1.27616 0.294924
0 19 0 97 1.27552 0.294961
0 24 0 97 1.26913 0.294424
