13 0 0 21 7.68777 1.68624
15 0 3 19 7.01019 1.67433
11 0 0 23 7.54121 1.70467
21 0 7 21 8.01617 1.68871
22 0 3 14 7.69316 1.66459
12 0 1 19 7.68401 1.65593
14 0 1 20 7.87504 1.66027
20 0 4 23 7.76093 1.65151
16 0 3 25 7.89723 1.64161
13 0 3 21 7.93267 1.65493
23 1 3 16 7.83609 1.66249
13 0 2 19 7.77926 1.66656
13 0 1 20 7.74363 1.666
15 0 6 20 7.72859 1.66496
13 0 1 18 7.75429 1.67299
16 0 4 20 7.69499 1.67896
16 1 3 27 7.64163 1.65983
18 0 1 23 7.66297 1.6554
18 0 2 27 7.6494 1.64817
14 0 1 18 7.58935 1.65391
23 0 7 12 7.6833 1.66534
16 0 2 26 7.57769 1.65096
11 0 1 14 7.55269 1.65445
15 0 1 21 7.62646 1.65529
16 1 1 14 7.61555 1.66203
21 0 2 17 7.63496 1.66788
23 0 2 25 7.63414 1.65704
18 0 0 18 7.62723 1.65879
17 1 1 26 7.62069 1.65785
21 0 1 21 7.61636 1.66059
10 0 0 22 7.63219 1.66188
16 0 2 20 7.65807 1.66375
16 0 4 15 7.68567 1.66432
18 0 4 16 7.69921 1.67351
18 0 1 23 7.71508 1.6713
15 0 5 17 7.72513 1.6748
18 0 1 23 7.73937 1.6702
20 0 3 17 7.74549 1.67037
12 0 1 17 7.7453 1.67554
16 0 2 15 7.75638 1.68463
16 0 4 14 7.7459 1.68798
16 0 3 21 7.76991 1.6904
16 0 3 20 7.76555 1.6885
9 1 0 24 7.7433 1.68822
17 0 4 14 7.71361 1.68874
15 0 3 15 7.71714 1.68682
14 1 0 24 7.68558 1.68442
17 0 1 21 7.68878 1.68064
16 1 3 20 7.67196 1.67854
19 0 1 13 7.69613 1.68391
18 0 2 26 7.69137 1.67867
14 0 4 16 7.69897 1.68327
18 0 1 15 7.70593 1.68432
22 0 5 18 7.70744 1.68383
24 0 5 21 7.7026 1.68547
14 1 2 15 7.67259 1.68616
14 0 1 14 7.69992 1.68769
14 0 3 24 7.69612 1.68642
20 0 6 20 7.70551 1.68731
21 0 2 14 7.71069 1.69012
20 0 2 20 7.72233 1.68959
14 0 2 20 7.73579 1.69066
13 0 0 13 7.74897 1.69383
13 0 0 19 7.75573 1.69101
16 1 1 27 7.74776 1.68797
20 0 3 11 7.74277 1.69319
18 0 3 21 7.74727 1.68899
18 0 6 17 7.76364 1.68959
17 0 2 18 7.744 1.69111
19 0 3 23 7.75055 1.68694
14 0 1 22 7.74642 1.68256
23 0 6 16 7.76382 1.68527
11 0 1 16 7.76944 1.68501
17 0 3 22 7.78677 1.68221
19 0 0 26 7.79583 1.68169
17 0 5 15 7.80257 1.68618
13 0 1 20 7.79062 1.68211
22 0 4 17 7.80314 1.68214
20 0 3 17 7.80708 1.68244
20 1 4 20 7.81022 1.68272
19 0 1 18 7.82723 1.68521
17 0 3 13 7.82641 1.6898
14 0 0 18 7.83564 1.68961
18 0 1 24 7.83215 1.68912
14 0 1 16 7.83578 1.69169
18 0 3 22 7.84494 1.69157
16 0 4 22 7.83961 1.69251
11 0 2 23 7.84752 1.69211
29 0 7 19 7.85155 1.69226
15 0 2 19 7.85205 1.69202
19 0 2 19 7.85836 1.69257
16 0 3 18 7.86547 1.69312
13 0 2 20 7.85947 1.69343
10 0 0 19 7.86639 1.69433
16 0 1 18 7.87128 1.69464
22 0 5 26 7.87973 1.69162
18 0 4 19 7.87503 1.6935
19 0 1 21 7.87595 1.69327
16 0 2 17 7.88386 1.69287
17 1 4 24 7.86008 1.68913
