3 1 0 47 3.80907 0.823744
5 7 0 56 2.96924 0.814707
5 2 0 61 2.83443 0.769041
6 2 0 48 2.89486 0.788571
6 2 0 47 2.95936 0.796235
2 2 0 65 3.03252 0.789294
3 3 0 58 3.08159 0.795098
2 1 0 50 3.12044 0.804889
5 0 0 51 3.17775 0.797922
6 0 0 47 3.23118 0.804807
3 2 1 56 3.17744 0.80062
3 2 0 50 3.12401 0.803627
1 4 0 48 3.13707 0.803574
4 2 0 63 3.15896 0.799557
3 1 0 57 3.19126 0.801154
2 3 0 56 3.1664 0.797825
3 2 0 57 3.20233 0.795757
6 6 2 56 3.18946 0.795466
3 2 1 52 3.20225 0.795217
1 4 0 63 3.18003 0.789734
6 0 0 58 3.20036 0.78664
5 4 0 66 3.17714 0.782709
6 1 0 55 3.19094 0.783884
10 2 0 60 3.21029 0.782608
5 1 0 59 3.20439 0.782092
3 2 0 50 3.22027 0.786224
2 1 0 54 3.24958 0.78794
3 3 1 54 3.23963 0.788414
0 1 0 57 3.26116 0.787373
3 0 0 47 3.26829 0.790245
5 4 1 53 3.28011 0.788032
4 2 1 65 3.26818 0.785904
6 1 0 52 3.28276 0.787235
1 3 0 60 3.2731 0.787397
5 4 1 51 3.26491 0.787717
5 4 0 52 3.24532 0.78793
1 3 0 57 3.24918 0.788139
5 3 0 50 3.24998 0.789203
6 3 0 57 3.24812 0.788297
6 4 0 48 3.21486 0.78806
8 0 1 59 3.23097 0.787954
2 0 0 57 3.241 0.788015
6 1 1 52 3.24276 0.787524
3 5 0 55 3.22091 0.787199
2 4 0 58 3.21644 0.786844
3 2 0 55 3.22441 0.785976
2 3 0 62 3.22052 0.785342
3 2 1 52 3.21143 0.78561
9 2 0 56 3.2177 0.785986
3 1 0 57 3.21036 0.787188
2 0 0 58 3.22115 0.786457
6 2 0 54 3.2264 0.784888
3 2 0 57 3.23027 0.784405
5 5 1 54 3.22914 0.784341
6 3 2 57 3.2267 0.784299
2 7 0 62 3.21281 0.782579
4 2 1 58 3.21172 0.781578
3 4 0 62 3.20389 0.779929
4 0 0 54 3.19931 0.780792
6 3 0 54 3.18949 0.779954
5 3 1 46 3.18717 0.781835
7 2 0 53 3.19084 0.781331
2 2 0 61 3.18984 0.779582
5 4 1 58 3.18688 0.779673
7 1 0 50 3.19225 0.779871
3 1 0 55 3.19848 0.779667
5 1 2 53 3.19649 0.778747
4 1 0 64 3.20056 0.777576
3 2 0 51 3.19683 0.77861
3 3 0 57 3.19275 0.778019
2 1 0 66 3.19587 0.778089
1 2 0 61 3.1951 0.776519
4 1 1 61 3.19869 0.776696
3 0 1 48 3.21138 0.778657
4 3 0 55 3.212 0.778158
4 2 0 49 3.21619 0.778168
3 0 0 54 3.22188 0.778229
3 2 0 57 3.21809 0.777593
4 3 1 53 3.20363 0.778016
0 0 0 57 3.21 0.778159
4 1 1 60 3.21604 0.778208
5 2 0 51 3.2164 0.778442
6 3 1 57 3.20344 0.777489
3 3 0 54 3.20603 0.778264
5 2 0 52 3.20922 0.778454
7 0 0 51 3.21523 0.779926
4 2 0 57 3.21591 0.778947
2 0 0 55 3.22056 0.7792
7 0 0 55 3.22436 0.780049
1 0 0 55 3.22734 0.780754
7 4 2 58 3.22416 0.780525
5 3 0 59 3.22264 0.77981
2 0 0 52 3.22751 0.780526
7 0 0 58 3.23156 0.780547
5 0 0 52 3.23979 0.781339
4 3 0 52 3.23524 0.781684
4 5 0 56 3.23271 0.781838
4 1 0 54 3.23375 0.782043
3 1 1 51 3.23736 0.78269
6 1 0 49 3.24178 0.783374
